Some((
    red: 0.3848498,
    green: 0.679157,
    blue: 1.0,
))