Some((
    red: 0.6313726,
    green: 0.7529412,
    blue: 0.92156863,
))
